1.838853e-10
1.020496e-09
4.684929e-09
1.943246e-08
7.457298e-08
2.663344e-07
8.866826e-07
2.753151e-06
7.974774e-06
2.155324e-05
5.436161e-05
1.279817e-04
2.813110e-04
5.774873e-04
1.107611e-03
1.985872e-03
3.330796e-03
5.231370e-03
7.704914e-03
1.066270e-02
1.390297e-02
1.714362e-02
2.008828e-02
2.249929e-02
2.424334e-02
2.528851e-02
2.566086e-02
2.539494e-02
2.451668e-02
2.307402e-02
2.119500e-02
1.912923e-02
1.723369e-02
1.589405e-02
1.540982e-02
1.589405e-02
1.723369e-02
1.912923e-02
2.119500e-02
2.307402e-02
2.451668e-02
2.539494e-02
2.566086e-02
2.528851e-02
2.424334e-02
2.249929e-02
2.008828e-02
1.714362e-02
1.390297e-02
1.066270e-02
7.704914e-03
5.231371e-03
3.330801e-03
1.985891e-03
1.107686e-03
5.777537e-04
2.821975e-04
1.307338e-04
6.233169e-05
4.308702e-05
6.226180e-05
1.304686e-04
2.813113e-04
5.750016e-04
1.099716e-03
1.964357e-03
3.276514e-03
5.103655e-03
7.424485e-03
1.008794e-02
1.280325e-02
1.517904e-02
1.681096e-02
1.739315e-02
1.681177e-02
1.518177e-02
1.281122e-02
1.010947e-02
7.478772e-03
5.231369e-03
3.556933e-03
2.539073e-03
2.199282e-03
2.539073e-03
3.556933e-03
5.231369e-03
7.478772e-03
1.010947e-02
1.281122e-02
1.518177e-02
1.681177e-02
1.739315e-02
1.681096e-02
1.517904e-02
1.280325e-02
1.008794e-02
7.424476e-03
5.103490e-03
3.273686e-03
1.935709e-03