1.864427e-71
1.040826e-67
4.528286e-64
1.535648e-60
4.060258e-57
8.372472e-54
1.346981e-50
1.691547e-47
1.659134e-44
1.271984e-41
7.629360e-39
3.584151e-36
1.320564e-33
3.822080e-31
8.705771e-29
1.563792e-26
2.220221e-24
2.497462e-22
2.231244e-20
1.586987e-18
9.006218e-17
4.086216e-15
1.484773e-13
4.326964e-12
1.012501e-10
1.904110e-09
2.879856e-08
3.504634e-07
3.432756e-06
2.706750e-05
1.718298e-04
8.782505e-04
3.614333e-03
1.197693e-02
3.195838e-02
6.866761e-02
1.188074e-01
1.655188e-01
1.856743e-01
1.677084e-01
1.219738e-01
7.143400e-02
3.368874e-02
1.279413e-02
3.912728e-03
9.635731e-04
1.910832e-04
3.051377e-05
3.923873e-06
4.063412e-07
3.388664e-08
2.275734e-09
1.230707e-10
5.359382e-12
1.879311e-13
5.306566e-15
1.206620e-16
2.209417e-18
3.257883e-20
3.868450e-22
3.698894e-24
2.847959e-26
1.765740e-28
8.815870e-31
3.544583e-33
1.147717e-35
2.992750e-38
6.284380e-41
1.062679e-43
1.447066e-46
1.586810e-49
1.401264e-52
9.965038e-56
5.706871e-59
2.631870e-62
9.773762e-66
2.922678e-69
7.037621e-73
1.364621e-76
2.132174e-80
2.900803e-84
3.100760e-87
2.830220e-89
2.212553e-91
1.356587e-93
6.527760e-96
2.469146e-98
7.354978e-101
1.728702e-103
3.212595e-106
4.730236e-109
5.529036e-112
5.139512e-115
3.805050e-118
2.246512e-121
1.058766e-124
3.986363e-128
1.199826e-131
2.888405e-135
5.564057e-139